2.245792897163838
1.9032017551618814
2.011017794086998
2.012392419083717
1.8286330582306909
1.673886946956256
1.5244665467774408
1.3996928244598161
1.3044958195916438
1.221137828974335
1.1387286739073421
1.0663010730066194
1.0060620031952332
0.9603491435961024
0.9099184760003274
0.8505586134171752
0.8193119077982677
0.7751061468169788
0.7361954956069278
0.7071425910684919
0.6779484309653045
0.6475691394698634
0.6109936606896169
0.5949938200490533
0.5679280878936761
0.5396932820932495
0.5196879551496635
0.49649311469693913
0.4773873826341109
