2.656783554205814
2.025304741853501
1.8893192478550709
1.7658520139854121
1.6586816970936709
1.5536896282706079
1.464653854383494
1.39513368343292
1.3327337602070222
1.2530876579918246
1.1843699701050177
1.1093474761546467
1.0463980122992582
0.9948845918747585
0.9413333951863906
0.898564357686413
0.8452141049567835
0.7890355114462351
0.7558164568360045
0.7092274997525143
0.6686374526863976
0.6296537104650036
0.585388691978966
0.5403445858367808
0.5155215438617841
0.4806363066094054
0.45005843126154416
