2.0433459670385554
1.913476367150176
2.0315965068809994
1.9842540586442903
1.9256110721775004
1.8678877051296239
1.8391973394096137
1.7909566696401669
1.7388651067183645
1.694451708482531
1.6378830578222696
1.5965386074555947
1.554660262594962
1.5070453221634152
1.4549108116404357
1.3976654137636753
1.3344676012302445
1.2723697245596028
1.2158096078946043
1.1478676129283103
1.0931830879384825
1.0573408406235756
1.0138394787789038
0.9439665107075127
0.862887341422298
0.8190203344693266
0.7591489878567952
0.7201790362187143
0.6918362287817633
