2.035485236128983
1.884852243190423
2.0102071323655104
1.948309773661379
1.8862024433926827
1.8192272820188309
1.7682260683231896
1.7014075953887715
1.6566443859987825
1.6012182871382075
1.5498145364183191
1.488494833929397
1.4153947151967274
1.367848817704657
1.3152177142515433
1.2559463688701389
1.2014194598207293
1.1600687510508074
1.0804478635246881
1.0484943794824
0.9846628947178517
0.9230618473553966
0.8556373160787516
0.7931755080796316
0.7549375119178909
0.7347444452095829
0.6845589423318846
0.6691121077409363
0.6218667425349704
0.596407022088157
0.5748506607198323
0.5257386989966993
0.5091114292598361
