2.0890797153807674
1.909774149587675
2.0445473673758774
1.9888763542164467
1.9318914244432255
1.8506405800225614
1.7958486873366017
1.7392319289316005
1.7000610980773367
1.6707926323211866
1.6229727484785024
1.5938323696446681
1.5183524841523357
1.4941635389330699
1.4262060617226906
1.3815531432504644
1.3338932925273073
1.2898187939950077
1.2473793353226805
1.1877486435370823
1.1328180981710811
1.0827880570048518
1.0344913635273747
0.9742537390762903
0.9132048784934484
0.8708308240439439
0.8287154143734442
0.7819977930621873
0.7506946987554493
