2.0307018172445073
1.9089689734959043
2.043024247034214
1.9831084865214943
1.9293299211515096
1.8553697792277548
1.7887208903230474
1.74363270570532
1.6905747962998225
1.6554751271733832
1.6107622552255907
1.5546426751831832
1.5297578669969127
1.4653955633816373
1.3860735088204008
1.3424548325624908
1.276771656033221
1.2130132862694292
1.1555249015620639
1.1187181889818505
1.0386538770946934
0.976913702561695
0.9306355283959984
0.8891251764501522
0.8373925675221343
0.7894967778873704
0.7552150107278904
0.7205953092487225
0.6925290237798392
0.6635605760153156
