2.049663447094754
1.8897910958555824
2.0441249451956893
1.9752810399951297
1.9257566224555307
1.8682280265569917
1.8231696438826912
1.7817499639731622
1.7136745085530416
1.6687311129789963
1.6085109659792427
1.5609123021460207
1.506687051792919
1.4574357391936892
1.39521618413206
1.3137359644484123
1.2492349662814097
1.1909053737597688
1.1360560830830506
1.0903433341092394
1.0233661739620175
0.9782154338792121
0.913826777396477
0.8677881391052509
0.8223293697151606
0.7777244129593027
0.7347209530926756
