2.8581773445771903
2.013705494578586
1.8732849026101621
1.7376418461718437
1.6184090466534775
1.506694295387927
1.4113608694055781
1.3319926236627222
1.251782055045438
1.1865706751858396
1.126950105736096
1.0720434541904236
0.9990568057731999
0.950078002169161
0.8845304130063778
0.8277114570557933
0.7723826838642842
0.7268007269190533
0.6847778733832953
0.6246131933544221
0.5912805095509335
0.5499992261408413
0.5169600612454289
0.4732883420725031
0.44864195154105485
0.41548679549356604
0.39129516038570933
