0.633876408728357
0.21759784822987882
0.1630617194032737
0.13524741917131217
0.12220915282651712
0.11093530821893105
0.10510810413467854
0.10011483931763904
0.09757996086002975
0.09437214876504989
0.0899615550909868
0.08783784765845
0.0867295968937632
0.08637137681503872
0.08457123966769853
0.082272614066312
0.08144746793532626
0.08212705996275907
0.08004676767497267
0.0820615945305381
0.08305556294757763
0.0808133559345535
0.08176234489999172
0.0797496214937225
0.08067293547315371
0.0820390321675299
0.08223516345246264
0.08188732064448884
0.08253372798726065
0.08568531173989102
0.08463053385547724
0.08240228202496114
0.08350067110210914
0.08553699699148602
0.08837440272704881
0.08514284449240757
0.08573349749495122
0.08757463611619436
0.08772671176747182
0.08809789425628498
0.08807068563873423
0.09242848648121811
0.09303809110441055
0.09428358796244964
0.09501143391083733
0.09536275132006479
0.09545018528484732
0.09620842195196644
0.09712382546777644
0.09806108156438001
0.10067232243415251
0.10120918581225363
0.09961791464015796
0.10220158138453163
0.10263820973460873
0.1044263706296735
0.1064932071966139
0.10629604467561257
0.10800104719117148
0.10878477500794885
0.10953220631676139
0.11022661125978125
0.11341124904990701
0.11278182036025376
0.11634052358240286
0.11763915061997432
0.11732966155062041
0.11944531728320053
0.11775467207963489
0.1199589608812179
0.12132693582730834
0.123216710750916
0.12196032924951106
0.12469963397673599
0.12742570840219478
0.12625734385121928
