2.9397578481685116
1.9501892241566627
1.7177028660682636
1.5369310048352298
1.395664247951929
1.2598489757402043
1.1512925920520143
1.0608593763617122
0.968929085013031
0.8822109215224444
0.8097020362502266
0.7291489618714658
0.667049362301594
0.6123270193905427
0.5551072083299327
0.5076411385884962
0.4494871175577185
0.40246747711906833
0.3666573513793079
0.323211755771413
0.2889715766257903
0.2664565896771158
0.24377849695852608
0.2145820727067941
0.20279145521629485
0.1837522092525864
0.17300849624831863
