2.3399493357282597
1.9451830806169659
2.0287584368762652
2.0323187590257312
1.9386567463819957
1.8132814851977366
1.7298765981802315
1.6415084630317545
1.5411943731681146
1.4587436889309744
1.3618584869027022
1.2698617621995913
1.1854296462880067
1.0978497759766563
1.0300831238140224
0.9626191992550598
0.9116635143621858
0.8588934792557402
0.8193102363175918
0.7593641188039465
0.7262356187251654
0.6912134106592345
0.6643619105907503
0.62721064288498
0.5960701592361327
0.575893336875947
0.5475108774253059
0.5343016753882129
0.5151600566135347
0.4872109910637486
