0.8230166666666666
0.9428
0.9557166666666667
0.9639666666666666
0.9671
0.9698333333333333
0.9711666666666666
0.9735
0.9727333333333333
0.9737166666666667
0.9749333333333333
0.9747666666666667
0.9744666666666667
0.9745166666666667
0.97475
0.9748833333333333
0.9745666666666667
0.9731333333333333
0.9747833333333333
0.9738166666666667
0.9724
0.9729166666666667
0.9727833333333333
0.9716666666666667
0.9723
0.9716166666666667
0.9710333333333333
0.9704
0.97015
0.9689833333333333
0.96745
0.9686666666666667
0.9679666666666666
0.9677
0.9658333333333333
0.96595
0.9653166666666667
0.96455
0.9648666666666667
0.9644166666666667
0.9646833333333333
0.96235
0.9619333333333333
0.96095
0.9607666666666667
0.9605666666666667
0.9601666666666666
0.95985
0.9591333333333333
0.9575333333333333
0.9565333333333333
0.9564166666666667
0.9568166666666666
0.9563833333333334
0.9559833333333333
0.9544
0.9540833333333333
0.9534666666666667
0.9538
0.9524833333333333
0.9519166666666666
0.9501
0.9494166666666667
0.9484833333333333
0.9477
0.94755
0.9481666666666667
0.9461166666666667
0.9476
0.9455
0.9451833333333334
0.9443333333333334
0.94405
0.9437166666666666
0.9431
0.9431166666666667
