2.0480286294270913
1.8889530443416611
2.0183833199932337
1.9533207694588544
1.906253934643522
1.8534992403016473
1.7968702043834437
1.735575142425671
1.664202966881022
1.6145156256821818
1.5327785113659556
1.512344647472175
1.4654690566831041
1.4161194455189887
1.3628621863033665
1.3394017189542033
1.3075295395161253
1.2617579023367254
1.2137538801080565
1.1488147667136233
1.1037827263832602
1.0503115326202042
0.9964548161278658
0.9370845979994699
0.8680517838349994
0.8243094932878172
0.7973271820171077
0.7534069869764796
