2.2683517941515574
1.801253361070581
1.8542205457020464
1.7970717685136042
1.6312964921221522
1.5240485604490215
1.4140742534485293
1.298212417567052
1.2446937222196672
1.22897276039206
1.116659540908882
1.0599946378642109
0.9830450302489937
0.956292749253794
0.9102197202244059
0.9076728585944975
0.8465874868377812
0.7902973146735249
0.7642603237573682
0.763069445658623
0.7092972253175982
0.6850029792599766
0.6554407432585092
0.5683161826241998
0.5496908516048099
0.5237470449654282
0.49508472968968426
0.4716557831838881
0.46229755536472794
0.4517552248664331
0.4365380008404471
