2.293130580357752
1.7590209704764048
1.8301521137244563
1.7563014818007725
1.63457101969636
1.4856790575288585
1.3832915953358298
1.3393910937333122
1.3734035008448064
1.2897638959033395
1.1626230120440286
1.1661304339347598
1.130905816437561
1.0321338413153869
0.9909506896250131
0.937435210709737
0.8971376973344055
0.8066835454839643
0.7427380143686422
0.708182646682875
0.6822585691308933
0.637133656847581
0.6163065285896325
0.5803869512407343
0.5586327277186285
0.5217143157869573
0.4921778828546562
0.48538146915708813
0.45280080589105637
