2.031230806541972
1.876397669562943
1.9958358340791593
1.9455668116144786
1.8816597805500375
1.8245892208674164
1.7753428505483826
1.7145901425735735
1.6659776287562247
1.6190329966560308
1.5699888628217404
1.5091382628448147
1.4618762021743046
1.410335369560331
1.3588978387437476
1.3113438425639388
1.22355221042197
1.1860244360136116
1.1425221112916806
1.0826758867903754
1.047315242914798
0.979220638507048
0.9266578473277649
0.8722261994751835
0.8350437909486429
0.7737429518676022
0.7376625415972516
0.6865499502953923
0.6587205273031557
0.6268436344864924
