2.300254039433519
1.9134249099189042
2.0558273523732833
2.042526689448793
1.948798346942515
1.8205428613873176
1.7304749542662095
1.5550258186370256
1.4192770495806286
1.3032704456609203
1.1941198823217598
1.130832298058551
1.0489312235579062
0.9812709366016809
0.9263128905789993
0.8572640746011535
0.8294164414173913
0.7870647231963891
0.7508648736717679
0.701575155258128
0.6668591143454347
0.6409529696743527
0.5998752334306392
0.5784474643624589
0.5514298998416532
0.5224570398887944
0.5082484928190049
0.48562478090408484
0.4710965040719972
