2.048288478751267
1.8912272961858663
2.0147550671954435
1.9553199792943772
1.9018692548883636
1.8231404440723087
1.7657242376072388
1.706405890654237
1.6603785144336731
1.616319189750157
1.5658505963344103
1.5215454479542934
1.4560376789559444
1.3908771710455405
1.3548728739913283
1.290092363590599
1.2418268471044884
1.2158202370450568
1.1437329599115333
1.0797524176074116
1.0098029230131775
0.9506994566998487
0.8947755727683803
0.8400490147025115
0.7853398993665432
0.7355202998840477
0.6952217055064994
0.6581798483097885
0.6172390702883809
0.6008865865654138
0.5700722653436614
0.5409157711465764
